4_18_06 4, 12, 16, 8
6_19_08 5, 13, 1, 9, 6, 14
6_15_00 4, 12, 16, 8, 1, 9
6_17_12 7, 15, 3, 11, 8, 16
5_21_14 9, 1, 5, 13, 10
7_25_02 4, 12, 16, 8, 5, 13, 1
7_29_04 6, 14, 2, 10, 3, 11, 15
2_15_18 13, 5
2_3_04 3, 11
3_10_22 10, 2, 6
4_6_06 5, 13, 1, 9
5_17_06 4, 12, 16, 8, 5
2_16_12 6, 14
5_21_00 2, 10, 14, 6, 3
7_8_18 11, 3, 7, 15, 16, 8, 12
7_2_14 8, 16, 4, 12, 5, 13, 1
6_5_22 13, 5, 9, 1, 14, 6
7_12_10 8, 16, 4, 12, 13, 5, 9
3_10_06 2, 10, 14
5_11_16 11, 3, 7, 15, 4
3_11_02 4, 12, 8
4_22_04 4, 12, 16, 8
5_26_22 14, 6, 10, 2, 11
5_2_02 2, 10, 14, 6, 15
5_26_04 5, 13, 1, 9, 2
8_20_00 1, 9, 13, 5, 2, 10, 14, 6
4_25_12 9, 1, 5, 13
3_17_04 3, 11, 15
2_8_02 15, 7
6_11_00 3, 11, 15, 7, 4, 12
3_20_06 16, 8, 4
3_31_20 14, 6, 2
3_12_20 9, 1, 13
2_27_16 11, 3
7_19_06 4, 12, 16, 8, 13, 5, 9
5_9_20 13, 5, 9, 1, 14
4_30_04 6, 14, 2, 10
2_20_18 6, 14
8_17_00 1, 9, 13, 5, 2, 10, 14, 6
5_7_14 9, 1, 5, 13, 2
1_16_16 16
6_6_10 7, 15, 3, 11, 4, 12
3_1_22 12, 4, 8
7_29_14 11, 3, 7, 15, 8, 16, 4
6_29_08 8, 16, 4, 12, 5, 13
8_18_00 1, 9, 13, 5, 2, 10, 14, 6
7_21_20 12, 4, 8, 16, 13, 5, 9
6_25_16 11, 3, 7, 15, 12, 4
5_10_16 11, 3, 7, 15, 8
2_28_02 16, 8
4_28_18 12, 4, 8, 16
5_4_10 6, 14, 2, 10, 11
6_20_20 11, 3, 7, 15, 8, 16
4_29_18 13, 5, 9, 1
4_28_00 3, 11, 15, 7
5_6_14 9, 1, 5, 13, 6
5_5_16 10, 2, 6, 14, 11
3_30_12 6, 14, 2
5_10_22 14, 6, 10, 2, 11
1_15_20 6
4_1_14 8, 16, 4, 12
1_5_20 12
7_22_16 10, 2, 6, 14, 7, 15, 3
5_3_08 5, 13, 1, 9, 14
3_21_06 5, 13, 1
3_2_10 2, 10, 14
3_28_10 4, 12, 8
4_7_10 7, 15, 3, 11
2_31_18 13, 5
5_8_20 12, 4, 8, 16, 1
2_26_14 6, 14
6_21_00 2, 10, 14, 6, 3, 11
2_2_20 7, 15
8_7_18 11, 3, 7, 15, 12, 4, 8, 16
5_4_00 1, 9, 13, 5, 6
6_29_02 5, 13, 1, 9, 2, 10
8_10_14 10, 2, 6, 14, 11, 3, 7, 15
2_2_00 13, 5
2_16_08 4, 12
6_15_20 14, 6, 10, 2, 11, 3
8_25_18 12, 4, 8, 16, 13, 5, 9, 1
8_3_14 8, 16, 4, 12, 9, 1, 5, 13
1_22_18 7
8_15_02 5, 13, 1, 9, 2, 10, 14, 6
7_15_02 5, 13, 1, 9, 10, 2, 6
3_25_00 3, 11, 15
2_23_14 9, 1
7_22_12 8, 16, 4, 12, 5, 13, 1
4_11_20 13, 5, 9, 1
8_2_00 1, 9, 13, 5, 2, 10, 14, 6
1_24_06 9
7_13_08 8, 16, 4, 12, 5, 13, 1
8_26_08 7, 15, 3, 11, 8, 16, 4, 12
6_24_22 13, 5, 9, 1, 10, 2
7_30_08 8, 16, 4, 12, 1, 9, 13
2_19_20 11, 3
6_27_12 9, 1, 5, 13, 10, 2
8_26_00 3, 11, 15, 7, 4, 12, 16, 8
7_20_16 9, 1, 5, 13, 14, 6, 10
5_2_22 12, 4, 8, 16, 9
4_30_20 14, 6, 10, 2
4_29_00 4,12, 16, 8
4_16_06 7, 15, 3, 11
6_26_08 7, 15, 3, 11, 4, 12
4_18_04 3, 11, 15, 7
2_13_12 10, 2
5_5_10 7, 15, 3, 11, 8
3_18_16 5, 13, 1
1_25_06 6
6_12_06 6, 14, 2, 10, 3, 11
3_28_04 1, 9, 5
5_30_06 7, 15, 3, 11, 16
2_24_10 3, 11
5_1_12 7, 15, 3, 11, 8
3_8_12 4, 12, 8
7_29_02 5, 13, 1, 9, 2, 10, 14
3_14_00 16, 8, 12
1_20_16 13
2_31_04 6, 14
4_22_06 5, 13, 1, 9
6_21_14 9, 1, 5, 13, 10, 2
2_8_18 7, 15
7_20_06 4, 12, 16, 8, 9, 1, 5
6_18_12 7, 15, 3, 11, 4, 12
4_15_12 10, 2, 6, 14
8_7_08 6, 14, 2, 10, 7, 15, 3, 11
6_26_18 12, 4, 8, 16, 9, 1
1_16_12 14
7_26_22 14, 6, 10, 2, 11, 3, 7
4_26_02 4, 12, 16, 8
8_1_08 5, 13, 1, 9, 6, 14, 2, 10
4_17_06 4, 12, 16, 8
3_22_18 7, 15, 3
8_31_20 14, 6, 10, 2, 11, 3, 7, 15
3_23_08 6, 14, 10
2_17_08 5, 13
8_30_06 7, 15, 3, 11, 4, 12, 16, 8
1_26_16 7
1_29_06 7
2_14_06 3, 11
2_7_22 13, 5
1_20_22 16
2_21_22 13, 5
8_13_10 9, 1, 5, 13, 6, 14, 2, 10
5_27_12 9, 1, 5, 13, 2
5_10_14 10, 2, 6, 14, 7
4_27_22 14, 6, 10, 2
8_6_02 3, 11, 15, 7, 4, 12, 16, 8
6_18_02 2, 10, 14, 6, 15, 7
4_27_10 8, 16, 4, 12
1_18_10 2
2_25_06 6, 14
2_5_04 4, 12
1_18_16 5
1_5_04 4
8_6_08 6, 14, 2, 10, 7, 15, 3, 11
3_28_08 3, 11, 7
8_1_20 11, 3, 7, 15, 12, 4, 8, 16
1_9_14 10
4_22_10 7, 15, 3, 11
3_30_16 8, 16, 4
8_28_16 11, 3, 7, 15, 12, 4, 8, 16
2_28_06 2, 10
6_15_02 5, 13, 1, 9, 2, 10
6_8_02 3, 11, 15, 7, 16, 8
6_13_14 11, 3, 7, 15, 8, 16
1_5_22 13
2_31_20 14, 6
2_29_00 4,12
1_1_10 6
1_21_10 7
1_2_06 16
8_4_20 11, 3, 7, 15, 12, 4, 8, 16
2_1_04 3, 11
4_6_04 4, 12, 16, 8
3_26_16 7, 15, 3
4_26_10 8, 16, 4, 12
8_9_10 8, 16, 4, 12, 9, 1, 5, 13
3_5_08 6, 14, 2
8_22_08 6, 14, 2, 10, 7, 15, 3, 11
1_18_02 14
2_10_12 5, 13
5_3_02 2, 10, 14, 6, 11
7_23_14 9, 1, 5, 13, 2, 10, 14
5_21_12 8, 16, 4, 12, 9
8_5_08 6, 14, 2, 10, 7, 15, 3, 11
3_3_12 7, 15, 11
2_2_08 1, 9
1_25_08 7
7_2_22 12, 4, 8, 16, 9, 1, 5
7_3_18 10, 2, 6, 14, 3, 11, 15
5_15_20 14, 6, 10, 2, 3
8_27_04 5, 13, 1, 9, 6, 14, 2, 10
3_23_06 5, 13, 9
4_8_22 13, 5, 9, 1
2_23_02 3, 11
6_23_06 5, 13, 1, 9, 6, 14
4_10_02 4, 12, 16, 8
7_19_20 11, 3, 7, 15, 4, 12, 16
1_6_00 14
7_31_20 14, 6, 10, 2, 3, 11, 15
1_11_18 4
1_22_14 5
8_31_22 15, 7, 11, 3, 12, 4, 8, 16
3_13_22 15, 7, 11
8_24_08 6, 14, 2, 10, 7, 15, 3, 11
8_27_06 6, 14, 2, 10, 7, 15, 3, 11
2_3_18 10, 2
3_6_00 14, 6, 10
3_25_10 8, 16, 4
8_19_02 2, 10, 14, 6, 3, 11, 15, 7
8_3_20 11, 3, 7, 15, 12, 4, 8, 16
3_25_14 10, 2, 6
2_9_00 3, 11
7_12_14 10, 2, 6, 14, 15, 7, 11
5_25_12 9, 1, 5, 13, 10
1_24_16 14
6_17_14 8, 16, 4, 12, 9, 1
6_23_08 6, 14, 2, 10, 7, 15
5_18_14 8, 16, 4, 12, 5
1_15_06 15
4_28_08 7, 15, 3, 11
7_25_12 9, 1, 5, 13, 10, 2, 6
7_11_20 13, 5, 9, 1, 6, 14, 2
3_10_20 9, 1, 5
6_3_16 9, 1, 5, 13, 10, 2
7_14_20 14, 6, 10, 2, 7, 15, 3
5_14_12 10, 2, 6, 14, 3
5_1_16 9, 1, 5, 13, 10
8_26_12 9, 1, 5, 13, 10, 2, 6, 14
7_28_12 9, 1, 5, 13, 14, 6, 10
6_22_04 4, 12, 16, 8, 1, 9
7_2_16 9, 1, 5, 13, 6, 14, 2
7_22_14 9, 1, 5, 13, 6, 14, 2
6_24_10 7, 15, 3, 11, 4, 12
5_8_10 7, 15, 3, 11, 12
2_30_08 4, 12
2_23_18 11, 3
4_4_04 3, 11, 15, 7
6_13_04 6, 14, 2, 10, 3, 11
8_31_18 13, 5, 9, 1, 10, 2, 6, 14
6_21_04 4, 12, 16, 8, 5, 13
4_21_20 12, 4, 8, 16
8_2_22 12, 4, 8, 16, 13, 5, 9, 1
5_12_02 4, 12, 16, 8, 9
4_28_16 11, 3, 7, 15
1_7_06 13
3_27_00 3, 11, 7
1_9_22 14
6_27_08 7, 15, 3, 11, 8, 16
4_30_06 7, 15, 3, 11
8_19_14 8, 16, 4, 12, 9, 1, 5, 13
3_13_10 9, 1, 5
6_29_14 11, 3, 7, 15, 8, 16
8_30_14 11, 3, 7, 15, 8, 16, 4, 12
4_29_02 5, 13, 1, 9
6_31_10 9, 1, 5, 13, 6, 14
5_27_02 4, 12, 16, 8, 13
7_27_02 4, 12, 16, 8, 13, 5, 9
2_20_02 14, 6
6_15_04 6, 14, 2, 10, 3, 11
1_29_08 8
2_12_18 8, 16
4_31_20 14, 6, 10, 2
2_11_00 3, 11
6_19_06 4, 12, 16, 8, 5, 13
2_22_04 16, 8
3_19_10 6, 14, 10
1_19_22 4
5_27_22 14, 6, 10, 2, 7
8_23_16 10, 2, 6, 14, 11, 3, 7, 15
1_15_14 3
8_13_14 11, 3, 7, 15, 8, 16, 4, 12
2_3_16 9, 1
2_5_16 10, 2
7_13_22 15, 7, 11, 3, 12, 4, 8
6_23_22 13, 5, 9, 1, 14, 6
6_20_00 1, 9, 13, 5, 14, 6
2_21_08 6, 14
2_27_04 5, 13
8_2_20 11, 3, 7, 15, 12, 4, 8, 16
7_11_18 12, 4, 8, 16, 5, 13, 1
7_23_04 4, 12, 16, 8, 13, 5, 9
3_23_02 3, 11, 7
3_5_14 9, 1, 5
4_23_08 6, 14, 2, 10
7_15_04 6, 14, 2, 10, 11, 3, 7
3_19_14 8, 16, 12
8_25_14 10, 2, 6, 14, 11, 3, 7, 15
7_3_20 11, 3, 7, 15, 4, 12, 16
2_20_04 15, 7
7_31_10 9, 1, 5, 13, 14, 6, 10
5_27_08 7, 15, 3, 11, 16
2_29_14 11, 3
4_1_22 12, 4, 8, 16
5_24_04 4, 12, 16, 8, 9
6_5_18 11, 3, 7, 15, 12, 4
4_25_08 7, 15, 3, 11
5_4_16 9, 1, 5, 13, 14
2_22_10 3, 11
4_31_02 5, 13, 1, 9
2_25_20 13, 5
1_19_04 11
1_6_08 2
2_15_04 6, 14
1_31_02 13
4_16_10 9, 1, 5, 13
5_19_22 12, 4, 8, 16, 5
2_5_00 2, 10
7_17_12 7, 15, 3, 11, 8, 16, 4
6_2_16 9, 1, 5, 13, 6, 14
3_17_14 8, 16, 4
6_20_02 2, 10, 14, 6, 15, 7
1_12_16 15
4_21_14 9, 1, 5, 13
8_8_10 7, 15, 3, 11, 8, 16, 4, 12
7_22_00 2, 10, 14, 6, 15, 7, 11
6_30_08 8, 16, 4, 12, 1, 9
4_13_12 10, 2, 6, 14
5_20_22 12, 4, 8, 16, 1
4_31_08 8, 16, 12
8_29_02 5, 13, 1, 9, 2, 10, 14, 6
4_24_02 3, 11, 15, 7
8_16_18 13, 5, 9, 1, 10, 2, 6, 14
8_13_00 4, 12, 16, 8, 1, 9, 13, 5
5_22_16 10, 2, 6, 14, 7
3_30_14 7, 15, 3
3_12_10 4, 12, 8
2_16_18 9, 1
6_25_06 6, 14, 2, 10, 7, 15
4_28_20 13, 5, 9, 1
8_30_16 12, 4, 8, 16, 9, 1, 5, 13
1_18_20 7
8_30_02 5, 13, 1, 9, 2, 10, 14, 6
6_31_04 6, 14, 2, 10, 3, 11
3_7_04 4, 12, 8
3_1_16 9, 1, 5
8_16_16 12, 4, 8, 16, 9, 1, 5, 13
8_20_18 10, 2, 6, 14, 11, 3, 7, 15
8_19_22 12, 4, 8, 16, 13, 5, 9, 1
6_6_12 8, 16, 4, 12, 5, 13
6_10_00 3, 11, 15, 7, 16, 8
7_14_18 13, 5, 9, 1, 6, 14, 2
8_11_18 12, 4, 8, 16, 13, 5, 9, 1
3_9_06 6, 14, 2
7_10_02 4, 12, 16, 8, 1, 9, 13
1_6_06 1
8_14_02 5, 13, 1, 9, 2, 10, 14, 6
7_4_02 2, 10, 14, 6, 7, 15, 3
1_23_20 4
1_11_06 14
2_29_22 15, 7
5_24_16 10, 2, 6, 14, 15
6_22_10 7, 15, 3, 11, 4, 12
4_19_22 12, 4, 8, 16
7_24_08 6, 14, 2, 10, 11, 3, 7
7_18_04 3, 11, 15, 7, 16, 8, 12
5_8_00 2, 10, 14, 6, 7
7_25_18 12, 4, 8, 16, 13, 5, 9
2_19_02 2, 10
8_27_08 7, 15, 3, 11, 8, 16, 4, 12
5_31_12 10, 2, 6, 14, 15
6_31_14 11, 3, 7, 15, 8, 16
8_17_02 2, 10, 14, 6, 3, 11, 15, 7
1_15_12 2
5_5_22 13, 5, 9, 1, 14
7_29_16 12, 4, 8, 16, 9, 1, 5
1_31_08 16
2_5_20 12, 4
2_12_20 9, 1
8_5_20 12, 4, 8, 16, 13, 5, 9, 1
4_8_12 8, 16, 4, 12
8_5_02 3, 11, 15, 7, 4, 12, 16, 8
3_26_00 15, 7, 11
1_24_04 8
7_21_14 9, 1, 5, 13, 10, 2, 6
2_12_10 4, 12
1_25_10 8
6_23_12 8, 16, 4, 12, 9, 1
2_25_02 4, 12
4_6_22 13, 5, 9, 1
4_8_00 2, 10, 14, 6
5_15_04 6, 14, 2, 10, 11
6_24_04 4, 12, 16, 8, 1, 9
5_20_12 7, 15, 3, 11, 12
7_11_22 14, 6, 10, 2, 7, 15, 3
3_13_02 5, 13, 1
1_27_10 16
7_23_02 3, 11, 15, 7, 12, 4, 8
1_31_10 1
3_6_08 2, 10, 14
7_16_04 6, 14, 2, 10, 7, 15, 3
1_9_06 6
2_11_20 13, 5
7_24_12 8, 16, 4, 12, 13, 5, 9
1_19_10 14
6_27_00 3, 11, 15, 7, 4, 12
7_19_12 7, 15, 3, 11, 16, 8, 12
5_18_10 6, 14, 2, 10, 3
6_21_08 6, 14, 2, 10, 7, 15
5_27_18 12, 4, 8, 16, 5
5_14_10 9, 1, 5, 13, 2
5_24_08 6, 14, 2, 10, 11
1_3_04 11
3_11_22 14, 6, 2
3_3_06 4, 12, 8
7_8_14 9, 1, 5, 13, 14, 6, 10
2_9_12 9, 1
3_29_02 5, 13, 1
4_18_00 1, 9, 13, 5
7_22_20 12, 4, 8, 16, 9, 1, 5
4_15_18 13, 5, 9, 1
7_17_22 12, 4, 8, 16, 13, 5, 9
2_20_22 8, 16
3_11_18 12, 4, 16
6_24_06 5, 13, 1, 9, 2, 10
6_16_10 9, 1, 5, 13, 2, 10
1_11_12 1
4_23_14 9, 1, 5, 13
2_13_06 7, 15
3_29_14 11, 3, 7
5_3_20 11, 3, 7, 15, 4
4_20_08 5, 13, 1, 9
1_11_00 11
3_23_10 7, 15, 11
1_21_12 8
4_28_14 10, 2, 6, 14
3_8_08 2, 10, 6
4_24_22 13, 5, 9, 1
4_26_12 9, 1, 5, 13
4_23_10 7, 15, 3, 11
3_13_00 4,12, 16
2_7_20 12, 4
5_29_04 6, 14, 2, 10, 3
2_19_14 8, 16
8_22_18 11, 3, 7, 15, 12, 4, 8, 16
4_13_02 5, 13, 1, 9
8_18_04 3, 11, 15, 7, 4, 12, 16, 8
6_8_16 10, 2, 6, 14, 7, 15
7_20_14 8, 16, 4, 12, 13, 5, 9
5_28_06 6, 14, 2, 10, 11
6_27_02 4, 12, 16, 8, 5, 13
6_9_00 3, 11, 15, 7, 4, 12
5_7_06 5, 13, 1, 9, 14
7_10_04 5, 13, 1, 9, 2, 10, 14
5_17_18 10, 2, 6, 14, 11
4_24_06 5, 13, 1, 9
1_27_08 15
8_8_22 13, 5, 9, 1, 14, 6, 10, 2
3_9_08 7, 15, 3
2_16_10 5, 13
3_29_16 12, 4, 8
5_14_04 6, 14, 2, 10, 15
1_2_16 5
4_1_02 2, 10, 14, 6
8_12_02 4, 12, 16, 8, 5, 13, 1, 9
3_4_18 6, 14, 10
4_29_12 10, 2, 6, 14
8_17_16 9, 1, 5, 13, 10, 2, 6, 14
6_16_14 11, 3, 7, 15, 4, 12
4_2_12 7, 15, 3, 11
7_19_22 12, 4, 8, 16, 5, 13, 1
6_11_04 5, 13, 1, 9, 6, 14
2_13_00 4,12
8_30_04 6, 14, 2, 10, 3, 11, 15, 7
8_31_08 8, 16, 4, 12, 5, 13, 1, 9
3_16_20 10, 2, 14
8_15_20 14, 6, 10, 2, 11, 3, 7, 15
3_14_08 4, 12, 16
7_16_20 14, 6, 10, 2, 15, 7, 11
2_9_10 8, 16
6_7_14 9, 1, 5, 13, 10, 2
8_10_18 12, 4, 8, 16, 13, 5, 9, 1
6_29_10 9, 1, 5, 13, 6, 14
4_26_22 14, 6, 10, 2
2_5_08 6, 14
1_23_04 12
2_19_00 1, 9
4_2_08 5, 13, 1, 9
8_18_18 10, 2, 6, 14, 11, 3, 7, 15
4_22_14 9, 1, 5, 13
6_9_10 8, 16, 4, 12, 9, 1
1_5_18 11
8_27_00 3, 11, 15, 7, 4, 12, 16, 8
6_22_22 13, 5, 9, 1, 10, 2
3_3_02 2, 10, 6
6_21_12 8, 16, 4, 12, 9, 1
2_29_08 8, 16
5_3_18 10, 2, 6, 14, 3
4_17_18 10, 2, 6, 14
6_5_02 3, 11, 15, 7, 4, 12
1_1_08 5
2_18_00 13, 5
4_31_18 13, 5, 9, 1
4_10_14 10, 2, 6, 14
2_3_22 12, 4
2_24_00 14, 6
6_6_00 2, 10, 14, 6, 15, 7
3_2_22 8, 16, 4
4_13_04 6, 14, 2, 10
3_1_02 2, 10, 14
1_4_00 5
4_30_12 10, 2, 6, 14
5_11_10 8, 16, 4, 12, 1
4_13_10 9, 1, 5, 13
5_15_10 9, 1, 5, 13, 14
2_7_06 5, 13
3_6_04 16, 8, 12
6_7_00 2, 10, 14, 6, 3, 11
8_22_22 13, 5, 9, 1, 14, 6, 10, 2
3_28_16 7, 15, 11
8_2_14 8, 16, 4, 12, 9, 1, 5, 13
6_25_02 4, 12, 16, 8, 5, 13
7_4_04 3, 11, 15, 7, 8, 16, 4
4_14_14 11, 3, 7, 15
5_25_14 10, 2, 6, 14, 11
1_15_04 14
8_29_22 15, 7, 11, 3, 12, 4, 8, 16
8_10_02 4, 12, 16, 8, 5, 13, 1, 9
1_14_04 2
1_14_06 3
6_27_04 5, 13, 1, 9, 6, 14
1_17_04 3
2_14_14 7, 15
5_30_04 6, 14, 2, 10, 15
1_29_20 14
4_31_06 7, 15, 3, 11
4_25_00 3, 11, 15, 7
8_28_02 4, 12, 16, 8, 5, 13, 1, 9
3_17_06 4, 12, 16
1_5_14 9
2_4_14 4, 12
7_26_08 7, 15, 3, 11, 4, 12, 16
4_23_16 10, 2, 6, 14
5_11_14 10, 2, 6, 14, 3
8_4_10 6, 14, 2, 10, 7, 15, 3, 11
3_20_12 3, 11, 7
4_12_16 11, 3, 7, 15
5_15_06 7, 15, 3, 11, 12
2_15_14 11, 3
3_6_14 5, 13, 1
6_4_22 12, 4, 8, 16, 9, 1
1_27_02 12
5_26_16 11, 3, 7, 15, 8
3_16_16 8, 16, 12
8_15_08 8, 16, 4, 12, 5, 13, 1, 9
7_13_10 9, 1, 5, 13, 6, 14, 2
6_13_22 15, 7, 11, 3, 12, 4
8_22_12 8, 16, 4, 12, 9, 1, 5, 13
4_25_16 11, 3, 7, 15
2_15_10 9, 1
2_3_14 8, 16
6_8_22 13, 5, 9, 1, 10, 2
8_24_10 7, 15, 3, 11, 8, 16, 4, 12
4_31_04 6, 14, 2, 10
2_9_18 12, 4
3_11_16 11, 3, 15
8_4_22 12, 4, 8, 16, 13, 5, 9, 1
1_23_06 13
1_31_14 3
4_16_22 15, 7, 11, 3
2_15_12 10, 2
7_21_18 11, 3, 7, 15, 12, 4, 8
4_7_22 13, 5, 9, 1
5_13_04 6, 14, 2, 10, 3
2_19_12 7, 15
7_26_10 8, 16, 4, 12, 5, 13, 1
4_16_04 6, 14, 2, 10
2_20_00 13, 5
3_5_00 2, 10, 14
4_7_00 2, 10, 14, 6
6_23_18 11, 3, 7, 15, 12, 4
6_16_22 15, 7, 11, 3, 8, 16
4_11_02 4, 12, 16, 8
2_21_18 11, 3
8_19_06 4, 12, 16, 8, 5, 13, 1, 9
7_15_14 11, 3, 7, 15, 16, 8, 12
6_30_18 13, 5, 9, 1, 6, 14
1_3_10 14
8_20_06 4, 12, 16, 8, 5, 13, 1, 9
7_14_06 7, 15, 3, 11, 16, 8, 12
6_26_06 6, 14, 2, 10, 3, 11
8_19_10 6, 14, 2, 10, 7, 15, 3, 11
3_8_10 3, 11, 7
6_1_10 6, 14, 2, 10, 7, 15
6_21_22 13, 5, 9, 1, 14, 6
5_18_00 1, 9, 13, 5, 14
3_15_02 5, 13, 9
6_25_04 5, 13, 1, 9, 6, 14
2_27_20 13, 5
1_31_00 12
5_1_22 12, 4, 8, 16, 13
7_10_08 7, 15, 3, 11, 4, 12, 16
4_16_00 4,12, 16, 8
4_6_20 12, 4, 8, 16
4_8_10 7, 15, 3, 11
4_14_08 8, 16, 4, 12
3_26_14 6, 14, 2
4_4_20 11, 3, 7, 15
2_28_12 5, 13
4_23_04 4, 12, 16, 8
5_26_12 9, 1, 5, 13, 6
5_17_12 7, 15, 3, 11, 8
7_5_04 4, 12, 16, 8, 5, 13, 1
5_27_04 5, 13, 1, 9, 14
5_20_00 1, 9, 13, 5, 6
4_22_16 10, 2, 6, 14
5_4_20 11, 3, 7, 15, 16
6_9_06 6, 14, 2, 10, 7, 15
8_2_12 7, 15, 3, 11, 8, 16, 4, 12
1_9_08 7
6_11_14 10, 2, 6, 14, 11, 3
1_24_22 1
7_7_06 5, 13, 1, 9, 14, 6, 10
6_4_14 8, 16, 4, 12, 5, 13
8_23_20 12, 4, 8, 16, 13, 5, 9, 1
1_13_12 10
7_11_08 7, 15, 3, 11, 16, 8, 12
3_23_20 12, 4, 16
7_20_18 10, 2, 6, 14, 15, 7, 11
6_3_20 11, 3, 7, 15, 12, 4
7_30_18 13, 5, 9, 1, 6, 14, 2
8_11_20 13, 5, 9, 1, 14, 6, 10, 2
2_4_16 5, 13
3_29_20 14, 6, 10
5_16_08 8, 16, 4, 12, 9
8_13_02 5, 13, 1, 9, 2, 10, 14, 6
2_13_02 5, 13
1_23_00 10
1_5_10 7
7_29_06 7, 15, 3, 11, 4, 12, 16
1_18_18 6
5_8_04 4, 12, 16, 8, 9
7_14_08 8, 16, 4, 12, 1, 9, 13
1_21_06 5
1_19_12 15
1_22_02 15
8_1_06 4, 12, 16, 8, 5, 13, 1, 9
5_19_10 6, 14, 2, 10, 15
2_26_22 10, 2
8_22_16 10, 2, 6, 14, 11, 3, 7, 15
7_28_20 13, 5, 9, 1, 2, 10, 14
1_12_22 2
5_7_20 12, 4, 8, 16, 5
1_10_20 9
1_30_12 6
7_20_12 7, 15, 3, 11, 12, 4, 8
4_18_14 8, 16, 4, 12
8_15_06 7, 15, 3, 11, 4, 12, 16, 8
1_1_00 1
1_23_22 5
7_28_22 14, 6, 10, 2, 3, 11, 15
5_26_14 10, 2, 6, 14, 7
8_21_22 13, 5, 9, 1, 14, 6, 10, 2
3_28_00 15, 7, 3
6_6_18 11, 3, 7, 15, 8, 16
3_4_08 1, 9, 5
6_11_10 8, 16, 4, 12, 9, 1
8_14_06 7, 15, 3, 11, 4, 12, 16, 8
8_14_22 15, 7, 11, 3, 12, 4, 8, 16
4_19_04 3, 11, 15, 7
6_4_02 2, 10, 14, 6, 15, 7
3_1_18 10, 2, 6
4_5_18 11, 3, 7, 15
1_29_04 6
5_22_12 8, 16, 4, 12, 5
1_16_02 9
6_31_02 5, 13, 1, 9, 2, 10
6_7_08 6, 14, 2, 10, 7, 15
5_30_02 5, 13, 1, 9, 14
6_4_12 7, 15, 3, 11, 4, 12
5_28_08 7, 15, 3, 11, 12
1_19_16 1
8_25_00 3, 11, 15, 7, 4, 12, 16, 8
2_25_18 12, 4
8_23_14 9, 1, 5, 13, 10, 2, 6, 14
1_6_14 5
2_22_00 14, 6
5_23_00 2, 10, 14, 6, 11
7_3_10 6, 14, 2, 10, 15, 7, 11
2_3_20 11, 3
2_5_14 9, 1
5_8_18 11, 3, 7, 15, 16
5_6_06 5, 13, 1, 9, 2
8_30_00 4, 12, 16, 8, 1, 9, 13, 5
4_19_08 5, 13, 1, 9
2_30_14 7, 15
2_30_22 11, 3
1_19_08 13
1_30_20 10
5_26_18 12, 4, 8, 16, 9
3_13_16 12, 4, 8
2_31_10 9, 1
7_17_10 6, 14, 2, 10, 7, 15, 3
2_10_06 2, 10
6_7_04 4, 12, 16, 8, 5, 13
8_11_02 4, 12, 16, 8, 5, 13, 1, 9
3_7_22 13, 5, 1
3_4_02 14, 6, 2
7_13_12 10, 2, 6, 14, 7, 15, 3
5_9_14 10, 2, 6, 14, 11
8_17_22 12, 4, 8, 16, 13, 5, 9, 1
2_6_06 1, 9
3_21_12 8, 16, 4
4_27_00 3, 11, 15, 7
4_11_18 12, 4, 8, 16
5_16_22 15, 7, 11, 3, 16
3_30_22 11, 3, 7
3_22_22 9, 1, 5
8_15_10 9, 1, 5, 13, 6, 14, 2, 10
6_18_08 5, 13, 1, 9, 2, 10
5_10_08 7, 15, 3, 11, 4
5_5_12 8, 16, 4, 12, 9
1_12_10 12
7_30_00 4, 12, 16, 8, 13, 5, 9
1_25_16 11
8_12_08 7, 15, 3, 11, 8, 16, 4, 12
8_7_22 13, 5, 9, 1, 14, 6, 10, 2
8_15_22 15, 7, 11, 3, 12, 4, 8, 16
7_4_12 7, 15, 3, 11, 12, 4, 8
1_4_08 9
4_25_18 12, 4, 8, 16
4_17_16 9, 1, 5, 13
8_24_14 9, 1, 5, 13, 10, 2, 6, 14
2_10_04 1, 9
1_14_12 6
7_8_04 4, 12, 16, 8, 9, 1, 5
5_27_14 10, 2, 6, 14, 3
7_8_08 6, 14, 2, 10, 11, 3, 7
5_23_12 8, 16, 4, 12, 1
7_18_22 12, 4, 8, 16, 9, 1, 5
2_31_22 15, 7
2_24_02 15, 7
4_10_16 11, 3, 7, 15
4_22_12 8, 16, 4, 12
5_2_14 8, 16, 4, 12, 5
3_3_22 12, 4, 16
1_10_22 10
1_20_06 8
1_10_00 15
8_9_22 14, 6, 10, 2, 15, 7, 11, 3
4_12_08 7, 15, 3, 11
1_26_18 8
4_19_18 10, 2, 6, 14
3_24_10 3, 11, 7
2_7_10 7, 15
5_7_16 10, 2, 6, 14, 3
8_16_02 5, 13, 1, 9, 2, 10, 14, 6
4_9_06 6, 14, 2, 10
6_17_22 12, 4, 8, 16, 13, 5
6_30_20 14, 6, 10, 2, 7, 15
7_17_16 9, 1, 5, 13, 10, 2, 6
1_17_22 12
8_31_14 11, 3, 7, 15, 8, 16, 4, 12
3_19_02 2, 10, 6
4_17_02 2, 10, 14, 6
5_28_22 14, 6, 10, 2, 3
8_10_16 11, 3, 7, 15, 12, 4, 8, 16
4_4_14 8, 16, 4, 12
2_30_04 2, 10
6_8_12 8, 16, 4, 12, 5, 13
6_12_22 14, 6, 10, 2, 11, 3
5_26_10 8, 16, 4, 12, 5
2_6_20 8, 16
6_8_14 9, 1, 5, 13, 6, 14
6_9_12 9, 1, 5, 13, 10, 2
8_20_16 9, 1, 5, 13, 10, 2, 6, 14
5_25_16 11, 3, 7, 15, 12
2_6_00 14, 6
1_10_14 6
3_6_06 1, 9, 13
4_23_12 8, 16, 4, 12
1_16_22 3
6_17_16 9, 1, 5, 13, 10, 2
1_16_20 2
6_22_12 8, 16, 4, 12, 5, 13
3_21_14 9, 1, 5
8_25_10 8, 16, 4, 12, 9, 1, 5, 13
4_22_08 6, 14, 2, 10
1_25_22 14
5_12_08 7, 15, 3, 11, 12
7_13_16 12, 4, 8, 16, 9, 1, 5
3_8_16 6, 14, 10
8_5_06 5, 13, 1, 9, 6, 14, 2, 10
4_26_20 13, 5, 9, 1
3_9_12 9, 1, 5
1_1_12 7
2_21_16 10, 2
2_12_16 7, 15
2_26_08 3, 11
8_4_18 10, 2, 6, 14, 11, 3, 7, 15
4_15_22 15, 7, 11, 3
6_14_12 10, 2, 6, 14, 3, 11
2_16_14 7, 15
7_8_16 10, 2, 6, 14, 15, 7, 11
4_14_04 6, 14, 2, 10
1_9_02 4
5_11_08 7, 15, 3, 11, 16
5_22_08 6, 14, 2, 10, 3
5_16_12 10, 2, 6, 14, 11
7_17_06 4, 12, 16, 8, 5, 13, 1
7_11_06 6, 14, 2, 10, 15, 7, 11
5_15_00 4, 12, 16, 8, 9
5_28_12 9, 1, 5, 13, 14
3_7_16 10, 2, 14
5_15_14 11, 3, 7, 15, 16
6_3_08 5, 13, 1, 9, 6, 14
8_11_06 6, 14, 2, 10, 7, 15, 3, 11
4_2_14 8, 16, 4, 12
3_19_20 11, 3, 15
8_6_16 10, 2, 6, 14, 11, 3, 7, 15
8_13_22 15, 7, 11, 3, 12, 4, 8, 16
3_28_18 8, 16, 12
2_23_22 13, 5
4_30_08 8, 16, 4, 12
5_8_22 13, 5, 9, 1, 2
1_10_18 8
3_3_10 6, 14, 10
7_21_04 4, 12, 16, 8, 5, 13, 1
8_13_16 12, 4, 8, 16, 9, 1, 5, 13
3_22_10 3, 11, 15
7_9_10 8, 16, 4, 12, 9, 1, 5
4_28_04 5, 13, 1, 9
6_11_12 9, 1, 5, 13, 10, 2
4_13_06 7, 15, 3, 11
8_18_08 5, 13, 1, 9, 6, 14, 2, 10
3_1_20 11, 3, 7
2_2_14 4, 12
5_16_14 11, 3, 7, 15, 12
8_8_06 5, 13, 1, 9, 6, 14, 2, 10
7_2_10 6, 14, 2, 10, 3, 11, 15
2_3_02 2, 10
7_6_04 4, 12, 16, 8, 1, 9, 13
8_22_20 12, 4, 8, 16, 13, 5, 9, 1
2_30_20 10, 2
4_14_12 10, 2, 6, 14
1_11_14 2
4_27_08 7, 15, 3, 11
4_22_18 11, 3, 7, 15
4_13_14 11, 3, 7, 15
4_3_04 3, 11, 15, 7
1_30_16 8
8_9_02 4, 12, 16, 8, 5, 13, 1, 9
8_11_12 9, 1, 5, 13, 10, 2, 6, 14
5_13_10 9, 1, 5, 13, 6
7_2_02 2, 10, 14, 6, 15, 7, 11
7_29_10 9, 1, 5, 13, 6, 14, 2
2_9_04 5, 13
3_15_08 8, 16, 12
5_9_02 4, 12, 16, 8, 5
2_13_04 6, 14
8_29_20 14, 6, 10, 2, 11, 3, 7, 15
4_17_20 11, 3, 7, 15
4_20_02 2, 10, 14, 6
3_31_18 13, 5, 1
8_20_10 6, 14, 2, 10, 7, 15, 3, 11
6_11_02 4, 12, 16, 8, 5, 13
6_9_18 12, 4, 8, 16, 13, 5
3_5_22 13, 5, 9
6_13_02 5, 13, 1, 9, 2, 10
2_10_02 16, 8
1_12_20 1
4_16_16 12, 4, 8, 16
8_20_20 11, 3, 7, 15, 12, 4, 8, 16
7_9_14 10, 2, 6, 14, 11, 3, 7
2_22_20 8, 16
3_24_14 5, 13, 9
1_11_04 13
6_7_10 7, 15, 3, 11, 8, 16
6_23_14 9, 1, 5, 13, 10, 2
6_31_16 12, 4, 8, 16, 9, 1
2_4_06 16, 8
7_23_08 6, 14, 2, 10, 15, 7, 11
7_10_12 9, 1, 5, 13, 6, 14, 2
2_15_16 12, 4
1_17_08 5
5_30_12 10, 2, 6, 14, 3
8_3_12 7, 15, 3, 11, 8, 16, 4, 12
6_26_02 4, 12, 16, 8, 1, 9
2_31_08 8, 16
6_15_16 12, 4, 8, 16, 9, 1
5_5_06 5, 13, 1, 9, 6
3_3_14 8, 16, 12
6_4_10 6, 14, 2, 10, 3, 11
5_11_06 6, 14, 2, 10, 15
8_27_16 11, 3, 7, 15, 12, 4, 8, 16
1_30_08 4
2_21_20 12, 4
6_19_16 9, 1, 5, 13, 10, 2
1_22_16 6
6_6_14 9, 1, 5, 13, 6, 14
